{
 "cells": [
  {
   "cell_type": "code",
   "execution_count": 2,
   "id": "03f3d61d-3bc9-4354-a460-efa0dcf59551",
   "metadata": {},
   "outputs": [],
   "source": [
    "import sklearn"
   ]
  },
  {
   "cell_type": "markdown",
   "id": "356e3c13-ffe3-4971-81cb-c1c471814c93",
   "metadata": {},
   "source": [
    "# 1. FIT AND PREDICT ESTIMATORS\n",
    "\n",
    "Scikit Learn has dozens of ML algorithms called estimators.\n",
    "Each estimator can be fitted into some data\n",
    "\n",
    "- .fit() and .predict() methods\n",
    "\n",
    "- Found in the set_config package from sklearn"
   ]
  },
  {
   "cell_type": "code",
   "execution_count": 9,
   "id": "55625481-065d-4cd7-b81d-12b316af8c26",
   "metadata": {},
   "outputs": [],
   "source": [
    "from sklearn import set_config\n",
    "set_config(display=\"diagram\")"
   ]
  },
  {
   "cell_type": "markdown",
   "id": "f6144da8-2659-40c3-9968-58fe6d1ffea1",
   "metadata": {},
   "source": [
    "## A) Fit"
   ]
  },
  {
   "cell_type": "code",
   "execution_count": 33,
   "id": "b7249c61-9bf6-4963-b89a-5c70f741869c",
   "metadata": {},
   "outputs": [
    {
     "data": {
      "text/html": [
       "<style>#sk-container-id-2 {\n",
       "  /* Definition of color scheme common for light and dark mode */\n",
       "  --sklearn-color-text: black;\n",
       "  --sklearn-color-line: gray;\n",
       "  /* Definition of color scheme for unfitted estimators */\n",
       "  --sklearn-color-unfitted-level-0: #fff5e6;\n",
       "  --sklearn-color-unfitted-level-1: #f6e4d2;\n",
       "  --sklearn-color-unfitted-level-2: #ffe0b3;\n",
       "  --sklearn-color-unfitted-level-3: chocolate;\n",
       "  /* Definition of color scheme for fitted estimators */\n",
       "  --sklearn-color-fitted-level-0: #f0f8ff;\n",
       "  --sklearn-color-fitted-level-1: #d4ebff;\n",
       "  --sklearn-color-fitted-level-2: #b3dbfd;\n",
       "  --sklearn-color-fitted-level-3: cornflowerblue;\n",
       "\n",
       "  /* Specific color for light theme */\n",
       "  --sklearn-color-text-on-default-background: var(--sg-text-color, var(--theme-code-foreground, var(--jp-content-font-color1, black)));\n",
       "  --sklearn-color-background: var(--sg-background-color, var(--theme-background, var(--jp-layout-color0, white)));\n",
       "  --sklearn-color-border-box: var(--sg-text-color, var(--theme-code-foreground, var(--jp-content-font-color1, black)));\n",
       "  --sklearn-color-icon: #696969;\n",
       "\n",
       "  @media (prefers-color-scheme: dark) {\n",
       "    /* Redefinition of color scheme for dark theme */\n",
       "    --sklearn-color-text-on-default-background: var(--sg-text-color, var(--theme-code-foreground, var(--jp-content-font-color1, white)));\n",
       "    --sklearn-color-background: var(--sg-background-color, var(--theme-background, var(--jp-layout-color0, #111)));\n",
       "    --sklearn-color-border-box: var(--sg-text-color, var(--theme-code-foreground, var(--jp-content-font-color1, white)));\n",
       "    --sklearn-color-icon: #878787;\n",
       "  }\n",
       "}\n",
       "\n",
       "#sk-container-id-2 {\n",
       "  color: var(--sklearn-color-text);\n",
       "}\n",
       "\n",
       "#sk-container-id-2 pre {\n",
       "  padding: 0;\n",
       "}\n",
       "\n",
       "#sk-container-id-2 input.sk-hidden--visually {\n",
       "  border: 0;\n",
       "  clip: rect(1px 1px 1px 1px);\n",
       "  clip: rect(1px, 1px, 1px, 1px);\n",
       "  height: 1px;\n",
       "  margin: -1px;\n",
       "  overflow: hidden;\n",
       "  padding: 0;\n",
       "  position: absolute;\n",
       "  width: 1px;\n",
       "}\n",
       "\n",
       "#sk-container-id-2 div.sk-dashed-wrapped {\n",
       "  border: 1px dashed var(--sklearn-color-line);\n",
       "  margin: 0 0.4em 0.5em 0.4em;\n",
       "  box-sizing: border-box;\n",
       "  padding-bottom: 0.4em;\n",
       "  background-color: var(--sklearn-color-background);\n",
       "}\n",
       "\n",
       "#sk-container-id-2 div.sk-container {\n",
       "  /* jupyter's `normalize.less` sets `[hidden] { display: none; }`\n",
       "     but bootstrap.min.css set `[hidden] { display: none !important; }`\n",
       "     so we also need the `!important` here to be able to override the\n",
       "     default hidden behavior on the sphinx rendered scikit-learn.org.\n",
       "     See: https://github.com/scikit-learn/scikit-learn/issues/21755 */\n",
       "  display: inline-block !important;\n",
       "  position: relative;\n",
       "}\n",
       "\n",
       "#sk-container-id-2 div.sk-text-repr-fallback {\n",
       "  display: none;\n",
       "}\n",
       "\n",
       "div.sk-parallel-item,\n",
       "div.sk-serial,\n",
       "div.sk-item {\n",
       "  /* draw centered vertical line to link estimators */\n",
       "  background-image: linear-gradient(var(--sklearn-color-text-on-default-background), var(--sklearn-color-text-on-default-background));\n",
       "  background-size: 2px 100%;\n",
       "  background-repeat: no-repeat;\n",
       "  background-position: center center;\n",
       "}\n",
       "\n",
       "/* Parallel-specific style estimator block */\n",
       "\n",
       "#sk-container-id-2 div.sk-parallel-item::after {\n",
       "  content: \"\";\n",
       "  width: 100%;\n",
       "  border-bottom: 2px solid var(--sklearn-color-text-on-default-background);\n",
       "  flex-grow: 1;\n",
       "}\n",
       "\n",
       "#sk-container-id-2 div.sk-parallel {\n",
       "  display: flex;\n",
       "  align-items: stretch;\n",
       "  justify-content: center;\n",
       "  background-color: var(--sklearn-color-background);\n",
       "  position: relative;\n",
       "}\n",
       "\n",
       "#sk-container-id-2 div.sk-parallel-item {\n",
       "  display: flex;\n",
       "  flex-direction: column;\n",
       "}\n",
       "\n",
       "#sk-container-id-2 div.sk-parallel-item:first-child::after {\n",
       "  align-self: flex-end;\n",
       "  width: 50%;\n",
       "}\n",
       "\n",
       "#sk-container-id-2 div.sk-parallel-item:last-child::after {\n",
       "  align-self: flex-start;\n",
       "  width: 50%;\n",
       "}\n",
       "\n",
       "#sk-container-id-2 div.sk-parallel-item:only-child::after {\n",
       "  width: 0;\n",
       "}\n",
       "\n",
       "/* Serial-specific style estimator block */\n",
       "\n",
       "#sk-container-id-2 div.sk-serial {\n",
       "  display: flex;\n",
       "  flex-direction: column;\n",
       "  align-items: center;\n",
       "  background-color: var(--sklearn-color-background);\n",
       "  padding-right: 1em;\n",
       "  padding-left: 1em;\n",
       "}\n",
       "\n",
       "\n",
       "/* Toggleable style: style used for estimator/Pipeline/ColumnTransformer box that is\n",
       "clickable and can be expanded/collapsed.\n",
       "- Pipeline and ColumnTransformer use this feature and define the default style\n",
       "- Estimators will overwrite some part of the style using the `sk-estimator` class\n",
       "*/\n",
       "\n",
       "/* Pipeline and ColumnTransformer style (default) */\n",
       "\n",
       "#sk-container-id-2 div.sk-toggleable {\n",
       "  /* Default theme specific background. It is overwritten whether we have a\n",
       "  specific estimator or a Pipeline/ColumnTransformer */\n",
       "  background-color: var(--sklearn-color-background);\n",
       "}\n",
       "\n",
       "/* Toggleable label */\n",
       "#sk-container-id-2 label.sk-toggleable__label {\n",
       "  cursor: pointer;\n",
       "  display: block;\n",
       "  width: 100%;\n",
       "  margin-bottom: 0;\n",
       "  padding: 0.5em;\n",
       "  box-sizing: border-box;\n",
       "  text-align: center;\n",
       "}\n",
       "\n",
       "#sk-container-id-2 label.sk-toggleable__label-arrow:before {\n",
       "  /* Arrow on the left of the label */\n",
       "  content: \"▸\";\n",
       "  float: left;\n",
       "  margin-right: 0.25em;\n",
       "  color: var(--sklearn-color-icon);\n",
       "}\n",
       "\n",
       "#sk-container-id-2 label.sk-toggleable__label-arrow:hover:before {\n",
       "  color: var(--sklearn-color-text);\n",
       "}\n",
       "\n",
       "/* Toggleable content - dropdown */\n",
       "\n",
       "#sk-container-id-2 div.sk-toggleable__content {\n",
       "  max-height: 0;\n",
       "  max-width: 0;\n",
       "  overflow: hidden;\n",
       "  text-align: left;\n",
       "  /* unfitted */\n",
       "  background-color: var(--sklearn-color-unfitted-level-0);\n",
       "}\n",
       "\n",
       "#sk-container-id-2 div.sk-toggleable__content.fitted {\n",
       "  /* fitted */\n",
       "  background-color: var(--sklearn-color-fitted-level-0);\n",
       "}\n",
       "\n",
       "#sk-container-id-2 div.sk-toggleable__content pre {\n",
       "  margin: 0.2em;\n",
       "  border-radius: 0.25em;\n",
       "  color: var(--sklearn-color-text);\n",
       "  /* unfitted */\n",
       "  background-color: var(--sklearn-color-unfitted-level-0);\n",
       "}\n",
       "\n",
       "#sk-container-id-2 div.sk-toggleable__content.fitted pre {\n",
       "  /* unfitted */\n",
       "  background-color: var(--sklearn-color-fitted-level-0);\n",
       "}\n",
       "\n",
       "#sk-container-id-2 input.sk-toggleable__control:checked~div.sk-toggleable__content {\n",
       "  /* Expand drop-down */\n",
       "  max-height: 200px;\n",
       "  max-width: 100%;\n",
       "  overflow: auto;\n",
       "}\n",
       "\n",
       "#sk-container-id-2 input.sk-toggleable__control:checked~label.sk-toggleable__label-arrow:before {\n",
       "  content: \"▾\";\n",
       "}\n",
       "\n",
       "/* Pipeline/ColumnTransformer-specific style */\n",
       "\n",
       "#sk-container-id-2 div.sk-label input.sk-toggleable__control:checked~label.sk-toggleable__label {\n",
       "  color: var(--sklearn-color-text);\n",
       "  background-color: var(--sklearn-color-unfitted-level-2);\n",
       "}\n",
       "\n",
       "#sk-container-id-2 div.sk-label.fitted input.sk-toggleable__control:checked~label.sk-toggleable__label {\n",
       "  background-color: var(--sklearn-color-fitted-level-2);\n",
       "}\n",
       "\n",
       "/* Estimator-specific style */\n",
       "\n",
       "/* Colorize estimator box */\n",
       "#sk-container-id-2 div.sk-estimator input.sk-toggleable__control:checked~label.sk-toggleable__label {\n",
       "  /* unfitted */\n",
       "  background-color: var(--sklearn-color-unfitted-level-2);\n",
       "}\n",
       "\n",
       "#sk-container-id-2 div.sk-estimator.fitted input.sk-toggleable__control:checked~label.sk-toggleable__label {\n",
       "  /* fitted */\n",
       "  background-color: var(--sklearn-color-fitted-level-2);\n",
       "}\n",
       "\n",
       "#sk-container-id-2 div.sk-label label.sk-toggleable__label,\n",
       "#sk-container-id-2 div.sk-label label {\n",
       "  /* The background is the default theme color */\n",
       "  color: var(--sklearn-color-text-on-default-background);\n",
       "}\n",
       "\n",
       "/* On hover, darken the color of the background */\n",
       "#sk-container-id-2 div.sk-label:hover label.sk-toggleable__label {\n",
       "  color: var(--sklearn-color-text);\n",
       "  background-color: var(--sklearn-color-unfitted-level-2);\n",
       "}\n",
       "\n",
       "/* Label box, darken color on hover, fitted */\n",
       "#sk-container-id-2 div.sk-label.fitted:hover label.sk-toggleable__label.fitted {\n",
       "  color: var(--sklearn-color-text);\n",
       "  background-color: var(--sklearn-color-fitted-level-2);\n",
       "}\n",
       "\n",
       "/* Estimator label */\n",
       "\n",
       "#sk-container-id-2 div.sk-label label {\n",
       "  font-family: monospace;\n",
       "  font-weight: bold;\n",
       "  display: inline-block;\n",
       "  line-height: 1.2em;\n",
       "}\n",
       "\n",
       "#sk-container-id-2 div.sk-label-container {\n",
       "  text-align: center;\n",
       "}\n",
       "\n",
       "/* Estimator-specific */\n",
       "#sk-container-id-2 div.sk-estimator {\n",
       "  font-family: monospace;\n",
       "  border: 1px dotted var(--sklearn-color-border-box);\n",
       "  border-radius: 0.25em;\n",
       "  box-sizing: border-box;\n",
       "  margin-bottom: 0.5em;\n",
       "  /* unfitted */\n",
       "  background-color: var(--sklearn-color-unfitted-level-0);\n",
       "}\n",
       "\n",
       "#sk-container-id-2 div.sk-estimator.fitted {\n",
       "  /* fitted */\n",
       "  background-color: var(--sklearn-color-fitted-level-0);\n",
       "}\n",
       "\n",
       "/* on hover */\n",
       "#sk-container-id-2 div.sk-estimator:hover {\n",
       "  /* unfitted */\n",
       "  background-color: var(--sklearn-color-unfitted-level-2);\n",
       "}\n",
       "\n",
       "#sk-container-id-2 div.sk-estimator.fitted:hover {\n",
       "  /* fitted */\n",
       "  background-color: var(--sklearn-color-fitted-level-2);\n",
       "}\n",
       "\n",
       "/* Specification for estimator info (e.g. \"i\" and \"?\") */\n",
       "\n",
       "/* Common style for \"i\" and \"?\" */\n",
       "\n",
       ".sk-estimator-doc-link,\n",
       "a:link.sk-estimator-doc-link,\n",
       "a:visited.sk-estimator-doc-link {\n",
       "  float: right;\n",
       "  font-size: smaller;\n",
       "  line-height: 1em;\n",
       "  font-family: monospace;\n",
       "  background-color: var(--sklearn-color-background);\n",
       "  border-radius: 1em;\n",
       "  height: 1em;\n",
       "  width: 1em;\n",
       "  text-decoration: none !important;\n",
       "  margin-left: 1ex;\n",
       "  /* unfitted */\n",
       "  border: var(--sklearn-color-unfitted-level-1) 1pt solid;\n",
       "  color: var(--sklearn-color-unfitted-level-1);\n",
       "}\n",
       "\n",
       ".sk-estimator-doc-link.fitted,\n",
       "a:link.sk-estimator-doc-link.fitted,\n",
       "a:visited.sk-estimator-doc-link.fitted {\n",
       "  /* fitted */\n",
       "  border: var(--sklearn-color-fitted-level-1) 1pt solid;\n",
       "  color: var(--sklearn-color-fitted-level-1);\n",
       "}\n",
       "\n",
       "/* On hover */\n",
       "div.sk-estimator:hover .sk-estimator-doc-link:hover,\n",
       ".sk-estimator-doc-link:hover,\n",
       "div.sk-label-container:hover .sk-estimator-doc-link:hover,\n",
       ".sk-estimator-doc-link:hover {\n",
       "  /* unfitted */\n",
       "  background-color: var(--sklearn-color-unfitted-level-3);\n",
       "  color: var(--sklearn-color-background);\n",
       "  text-decoration: none;\n",
       "}\n",
       "\n",
       "div.sk-estimator.fitted:hover .sk-estimator-doc-link.fitted:hover,\n",
       ".sk-estimator-doc-link.fitted:hover,\n",
       "div.sk-label-container:hover .sk-estimator-doc-link.fitted:hover,\n",
       ".sk-estimator-doc-link.fitted:hover {\n",
       "  /* fitted */\n",
       "  background-color: var(--sklearn-color-fitted-level-3);\n",
       "  color: var(--sklearn-color-background);\n",
       "  text-decoration: none;\n",
       "}\n",
       "\n",
       "/* Span, style for the box shown on hovering the info icon */\n",
       ".sk-estimator-doc-link span {\n",
       "  display: none;\n",
       "  z-index: 9999;\n",
       "  position: relative;\n",
       "  font-weight: normal;\n",
       "  right: .2ex;\n",
       "  padding: .5ex;\n",
       "  margin: .5ex;\n",
       "  width: min-content;\n",
       "  min-width: 20ex;\n",
       "  max-width: 50ex;\n",
       "  color: var(--sklearn-color-text);\n",
       "  box-shadow: 2pt 2pt 4pt #999;\n",
       "  /* unfitted */\n",
       "  background: var(--sklearn-color-unfitted-level-0);\n",
       "  border: .5pt solid var(--sklearn-color-unfitted-level-3);\n",
       "}\n",
       "\n",
       ".sk-estimator-doc-link.fitted span {\n",
       "  /* fitted */\n",
       "  background: var(--sklearn-color-fitted-level-0);\n",
       "  border: var(--sklearn-color-fitted-level-3);\n",
       "}\n",
       "\n",
       ".sk-estimator-doc-link:hover span {\n",
       "  display: block;\n",
       "}\n",
       "\n",
       "/* \"?\"-specific style due to the `<a>` HTML tag */\n",
       "\n",
       "#sk-container-id-2 a.estimator_doc_link {\n",
       "  float: right;\n",
       "  font-size: 1rem;\n",
       "  line-height: 1em;\n",
       "  font-family: monospace;\n",
       "  background-color: var(--sklearn-color-background);\n",
       "  border-radius: 1rem;\n",
       "  height: 1rem;\n",
       "  width: 1rem;\n",
       "  text-decoration: none;\n",
       "  /* unfitted */\n",
       "  color: var(--sklearn-color-unfitted-level-1);\n",
       "  border: var(--sklearn-color-unfitted-level-1) 1pt solid;\n",
       "}\n",
       "\n",
       "#sk-container-id-2 a.estimator_doc_link.fitted {\n",
       "  /* fitted */\n",
       "  border: var(--sklearn-color-fitted-level-1) 1pt solid;\n",
       "  color: var(--sklearn-color-fitted-level-1);\n",
       "}\n",
       "\n",
       "/* On hover */\n",
       "#sk-container-id-2 a.estimator_doc_link:hover {\n",
       "  /* unfitted */\n",
       "  background-color: var(--sklearn-color-unfitted-level-3);\n",
       "  color: var(--sklearn-color-background);\n",
       "  text-decoration: none;\n",
       "}\n",
       "\n",
       "#sk-container-id-2 a.estimator_doc_link.fitted:hover {\n",
       "  /* fitted */\n",
       "  background-color: var(--sklearn-color-fitted-level-3);\n",
       "}\n",
       "</style><div id=\"sk-container-id-2\" class=\"sk-top-container\"><div class=\"sk-text-repr-fallback\"><pre>RandomForestClassifier(random_state=42)</pre><b>In a Jupyter environment, please rerun this cell to show the HTML representation or trust the notebook. <br />On GitHub, the HTML representation is unable to render, please try loading this page with nbviewer.org.</b></div><div class=\"sk-container\" hidden><div class=\"sk-item\"><div class=\"sk-estimator fitted sk-toggleable\"><input class=\"sk-toggleable__control sk-hidden--visually\" id=\"sk-estimator-id-2\" type=\"checkbox\" checked><label for=\"sk-estimator-id-2\" class=\"sk-toggleable__label fitted sk-toggleable__label-arrow fitted\">&nbsp;&nbsp;RandomForestClassifier<a class=\"sk-estimator-doc-link fitted\" rel=\"noreferrer\" target=\"_blank\" href=\"https://scikit-learn.org/1.4/modules/generated/sklearn.ensemble.RandomForestClassifier.html\">?<span>Documentation for RandomForestClassifier</span></a><span class=\"sk-estimator-doc-link fitted\">i<span>Fitted</span></span></label><div class=\"sk-toggleable__content fitted\"><pre>RandomForestClassifier(random_state=42)</pre></div> </div></div></div></div>"
      ],
      "text/plain": [
       "RandomForestClassifier(random_state=42)"
      ]
     },
     "execution_count": 33,
     "metadata": {},
     "output_type": "execute_result"
    }
   ],
   "source": [
    "from sklearn.ensemble import RandomForestClassifier\n",
    "\n",
    "model = RandomForestClassifier(random_state=42)\n",
    "\n",
    "X = [[1, 2, 3], [11, 12, 13]]\n",
    "y = [0, 1]\n",
    "\n",
    "model.fit(X, y)"
   ]
  },
  {
   "cell_type": "markdown",
   "id": "803762d5-6380-49fc-b323-7d6f7774819f",
   "metadata": {},
   "source": [
    "## B) Predict"
   ]
  },
  {
   "cell_type": "code",
   "execution_count": 23,
   "id": "7c627696-99e0-49a2-a9da-d41dacd3345b",
   "metadata": {},
   "outputs": [
    {
     "data": {
      "text/plain": [
       "array([0, 1])"
      ]
     },
     "execution_count": 23,
     "metadata": {},
     "output_type": "execute_result"
    }
   ],
   "source": [
    "model.predict(X)"
   ]
  },
  {
   "cell_type": "code",
   "execution_count": 27,
   "id": "f993e29a-07a9-42ba-93ef-e5b6c09a87ea",
   "metadata": {},
   "outputs": [
    {
     "data": {
      "text/plain": [
       "array([1, 1])"
      ]
     },
     "execution_count": 27,
     "metadata": {},
     "output_type": "execute_result"
    }
   ],
   "source": [
    "model.predict([[15, 54, 78], [23, 100, 677]])"
   ]
  },
  {
   "cell_type": "code",
   "execution_count": 44,
   "id": "78f04a3b-3879-47ca-8b42-288beab0fb04",
   "metadata": {},
   "outputs": [
    {
     "data": {
      "text/plain": [
       "array([1, 1])"
      ]
     },
     "execution_count": 44,
     "metadata": {},
     "output_type": "execute_result"
    }
   ],
   "source": [
    "model.predict([[12, 54, 75], [908, 1002, 4567]])"
   ]
  },
  {
   "cell_type": "markdown",
   "id": "2294864f-0915-4f32-b5cf-2b9e18f8ad20",
   "metadata": {},
   "source": [
    "## C) Predict class probabilities \n",
    "- Use .predict_proba"
   ]
  },
  {
   "cell_type": "code",
   "execution_count": 40,
   "id": "146e9cf6-a1f9-4f70-88fa-eaa45293aa52",
   "metadata": {},
   "outputs": [
    {
     "data": {
      "text/plain": [
       "array([[0.26, 0.74],\n",
       "       [0.26, 0.74]])"
      ]
     },
     "execution_count": 40,
     "metadata": {},
     "output_type": "execute_result"
    }
   ],
   "source": [
    "model.predict_proba([[15, 54, 78], [23, 100, 677]])"
   ]
  },
  {
   "cell_type": "code",
   "execution_count": 42,
   "id": "408e708e-0185-4a33-abf2-2bead69a8d15",
   "metadata": {},
   "outputs": [
    {
     "data": {
      "text/plain": [
       "array([[0.26, 0.74],\n",
       "       [0.26, 0.74]])"
      ]
     },
     "execution_count": 42,
     "metadata": {},
     "output_type": "execute_result"
    }
   ],
   "source": [
    "model.predict_proba([[12, 54, 75], [908, 1002, 4567]])"
   ]
  },
  {
   "cell_type": "code",
   "execution_count": 46,
   "id": "8ee0bbda-0f3c-4112-82b3-15f9b4299c09",
   "metadata": {},
   "outputs": [
    {
     "data": {
      "text/plain": [
       "array([[0.78, 0.22],\n",
       "       [0.26, 0.74]])"
      ]
     },
     "execution_count": 46,
     "metadata": {},
     "output_type": "execute_result"
    }
   ],
   "source": [
    "model.predict_proba(X)"
   ]
  },
  {
   "cell_type": "markdown",
   "id": "6e4d566e-aad1-4f64-a61f-1dda092c15a6",
   "metadata": {},
   "source": [
    "## D) Logistic regresson example"
   ]
  },
  {
   "cell_type": "code",
   "execution_count": 49,
   "id": "14b482c1-3ac0-4716-a6be-ead11326562d",
   "metadata": {},
   "outputs": [],
   "source": [
    "from sklearn.datasets import load_iris\n",
    "from sklearn.linear_model import LogisticRegression\n",
    "\n",
    "X, y = load_iris(return_X_y=True)\n",
    "\n",
    "clf = LogisticRegression(random_state=0,max_iter=1000).fit(X, y)"
   ]
  },
  {
   "cell_type": "code",
   "execution_count": 53,
   "id": "a08058a1-1c0a-437d-91c4-1315d8bbf045",
   "metadata": {},
   "outputs": [
    {
     "data": {
      "text/plain": [
       "array([0, 0])"
      ]
     },
     "execution_count": 53,
     "metadata": {},
     "output_type": "execute_result"
    }
   ],
   "source": [
    "clf.predict(X[:2, :])"
   ]
  },
  {
   "cell_type": "code",
   "execution_count": 55,
   "id": "0babc287-7519-41c0-8d6f-50de68b9fdcc",
   "metadata": {},
   "outputs": [
    {
     "data": {
      "text/plain": [
       "array([[9.81543634e-01, 1.84563518e-02, 1.44999548e-08],\n",
       "       [9.71309564e-01, 2.86904057e-02, 3.01876205e-08],\n",
       "       [9.85258131e-01, 1.47418565e-02, 1.23332643e-08],\n",
       "       [9.76054632e-01, 2.39453281e-02, 3.96624007e-08],\n",
       "       [9.85202027e-01, 1.47979605e-02, 1.20019954e-08],\n",
       "       [9.70125413e-01, 2.98745134e-02, 7.40270794e-08],\n",
       "       [9.86755390e-01, 1.32445903e-02, 1.99707325e-08],\n",
       "       [9.76109658e-01, 2.38903145e-02, 2.77234361e-08],\n",
       "       [9.79629088e-01, 2.03708818e-02, 3.05698294e-08],\n",
       "       [9.68744393e-01, 3.12555758e-02, 3.17052457e-08],\n",
       "       [9.76164556e-01, 2.38354241e-02, 1.93782725e-08],\n",
       "       [9.75183658e-01, 2.48162981e-02, 4.39134333e-08],\n",
       "       [9.74216253e-01, 2.57837253e-02, 2.15029380e-08],\n",
       "       [9.91870803e-01, 8.12919274e-03, 3.88627829e-09],\n",
       "       [9.87959537e-01, 1.20404599e-02, 2.84785852e-09],\n",
       "       [9.86584253e-01, 1.34157341e-02, 1.29530873e-08],\n",
       "       [9.87917304e-01, 1.20826869e-02, 9.27558969e-09],\n",
       "       [9.81290679e-01, 1.87093010e-02, 1.97798064e-08],\n",
       "       [9.55966565e-01, 4.40333664e-02, 6.90382712e-08],\n",
       "       [9.83937917e-01, 1.60620628e-02, 2.06383631e-08],\n",
       "       [9.46070918e-01, 5.39289955e-02, 8.68738109e-08],\n",
       "       [9.81522096e-01, 1.84778711e-02, 3.30097610e-08],\n",
       "       [9.95952147e-01, 4.04785217e-03, 1.31637310e-09],\n",
       "       [9.51760935e-01, 4.82388278e-02, 2.37398558e-07],\n",
       "       [9.51596391e-01, 4.84034026e-02, 2.06262422e-07],\n",
       "       [9.50941561e-01, 4.90583525e-02, 8.69475609e-08],\n",
       "       [9.69276071e-01, 3.07238427e-02, 8.65398303e-08],\n",
       "       [9.74591336e-01, 2.54086386e-02, 2.50857154e-08],\n",
       "       [9.77001915e-01, 2.29980677e-02, 1.75017441e-08],\n",
       "       [9.70961281e-01, 2.90386609e-02, 5.85040957e-08],\n",
       "       [9.63911217e-01, 3.60887127e-02, 7.04287972e-08],\n",
       "       [9.64381116e-01, 3.56188258e-02, 5.78332544e-08],\n",
       "       [9.88260773e-01, 1.17392194e-02, 7.08114779e-09],\n",
       "       [9.88913537e-01, 1.10864576e-02, 5.35536722e-09],\n",
       "       [9.68321677e-01, 3.16782801e-02, 4.32423115e-08],\n",
       "       [9.84407525e-01, 1.55924673e-02, 8.02050775e-09],\n",
       "       [9.78559904e-01, 2.14400861e-02, 9.70967826e-09],\n",
       "       [9.86720484e-01, 1.32795079e-02, 8.53676875e-09],\n",
       "       [9.85693337e-01, 1.43066476e-02, 1.55031623e-08],\n",
       "       [9.73767240e-01, 2.62327312e-02, 2.85407292e-08],\n",
       "       [9.86435421e-01, 1.35645674e-02, 1.14115888e-08],\n",
       "       [9.61650056e-01, 3.83498782e-02, 6.58864726e-08],\n",
       "       [9.88904126e-01, 1.10958625e-02, 1.12641344e-08],\n",
       "       [9.72144329e-01, 2.78555331e-02, 1.37520210e-07],\n",
       "       [9.59991073e-01, 4.00087042e-02, 2.23297505e-07],\n",
       "       [9.73510197e-01, 2.64897632e-02, 4.00053053e-08],\n",
       "       [9.80123099e-01, 1.98768754e-02, 2.54393670e-08],\n",
       "       [9.83164681e-01, 1.68352991e-02, 2.01362350e-08],\n",
       "       [9.78297680e-01, 2.17023010e-02, 1.88192186e-08],\n",
       "       [9.78379386e-01, 2.16205947e-02, 1.93391646e-08],\n",
       "       [2.12406675e-03, 8.73989738e-01, 1.23886195e-01],\n",
       "       [5.81475545e-03, 8.59780722e-01, 1.34404523e-01],\n",
       "       [1.05996942e-03, 7.25102937e-01, 2.73837094e-01],\n",
       "       [1.54302825e-02, 9.39638514e-01, 4.49312038e-02],\n",
       "       [2.37620656e-03, 8.15157266e-01, 1.82466527e-01],\n",
       "       [6.99576523e-03, 8.60135601e-01, 1.32868634e-01],\n",
       "       [3.77098930e-03, 7.16622632e-01, 2.79606379e-01],\n",
       "       [1.47939024e-01, 8.49006613e-01, 3.05436286e-03],\n",
       "       [2.77677472e-03, 8.96646139e-01, 1.00577086e-01],\n",
       "       [4.15101453e-02, 9.11871574e-01, 4.66182808e-02],\n",
       "       [5.59037635e-02, 9.37622113e-01, 6.47412325e-03],\n",
       "       [1.51753173e-02, 8.98845877e-01, 8.59788052e-02],\n",
       "       [9.09835150e-03, 9.76559652e-01, 1.43419969e-02],\n",
       "       [3.05256156e-03, 7.79292606e-01, 2.17654833e-01],\n",
       "       [7.44102727e-02, 9.15139585e-01, 1.04501426e-02],\n",
       "       [5.27614722e-03, 9.26364435e-01, 6.83594177e-02],\n",
       "       [8.72618618e-03, 7.74727861e-01, 2.16545953e-01],\n",
       "       [1.64595423e-02, 9.65179721e-01, 1.83607366e-02],\n",
       "       [1.81158692e-03, 8.00813076e-01, 1.97375337e-01],\n",
       "       [2.39800612e-02, 9.59419064e-01, 1.66008751e-02],\n",
       "       [2.30829914e-03, 4.40216503e-01, 5.57475198e-01],\n",
       "       [1.68155836e-02, 9.56789653e-01, 2.63947637e-02],\n",
       "       [7.15894573e-04, 5.96118221e-01, 4.03165884e-01],\n",
       "       [3.04493077e-03, 8.59925569e-01, 1.37029500e-01],\n",
       "       [7.07156591e-03, 9.42960116e-01, 4.99683180e-02],\n",
       "       [5.07158215e-03, 9.20106149e-01, 7.48222692e-02],\n",
       "       [1.11957001e-03, 8.01484487e-01, 1.97395943e-01],\n",
       "       [5.78425380e-04, 4.81086158e-01, 5.18335417e-01],\n",
       "       [5.48603264e-03, 8.13088922e-01, 1.81425045e-01],\n",
       "       [6.16486426e-02, 9.34971572e-01, 3.37978543e-03],\n",
       "       [2.91662269e-02, 9.57216772e-01, 1.36170006e-02],\n",
       "       [3.71779449e-02, 9.55287913e-01, 7.53414218e-03],\n",
       "       [2.51742165e-02, 9.56486090e-01, 1.83396931e-02],\n",
       "       [4.50187939e-04, 3.49648266e-01, 6.49901546e-01],\n",
       "       [1.02475777e-02, 7.50958153e-01, 2.38794269e-01],\n",
       "       [9.98954456e-03, 7.88816574e-01, 2.01193881e-01],\n",
       "       [2.26274842e-03, 8.05188196e-01, 1.92549056e-01],\n",
       "       [2.76426700e-03, 9.13098614e-01, 8.41371186e-02],\n",
       "       [2.70736158e-02, 9.28525112e-01, 4.44012718e-02],\n",
       "       [1.99264223e-02, 9.38052357e-01, 4.20212210e-02],\n",
       "       [8.73595523e-03, 8.97883417e-01, 9.33806279e-02],\n",
       "       [4.64839435e-03, 8.28298721e-01, 1.67052885e-01],\n",
       "       [1.75808804e-02, 9.57007661e-01, 2.54114583e-02],\n",
       "       [1.21811659e-01, 8.75138651e-01, 3.04968946e-03],\n",
       "       [1.44814822e-02, 9.20453153e-01, 6.50653653e-02],\n",
       "       [2.00034444e-02, 9.38104322e-01, 4.18922334e-02],\n",
       "       [1.71111747e-02, 9.25431778e-01, 5.74570470e-02],\n",
       "       [8.49619078e-03, 9.35129598e-01, 5.63742108e-02],\n",
       "       [2.43522382e-01, 7.55185972e-01, 1.29164522e-03],\n",
       "       [1.91686155e-02, 9.36035698e-01, 4.47956860e-02]])"
      ]
     },
     "execution_count": 55,
     "metadata": {},
     "output_type": "execute_result"
    }
   ],
   "source": [
    "clf.predict_proba(X[:100, :])"
   ]
  },
  {
   "cell_type": "code",
   "execution_count": 61,
   "id": "97dafe05-c63a-45e8-b110-8b12495a3c27",
   "metadata": {},
   "outputs": [
    {
     "data": {
      "text/plain": [
       "array([[5.1, 3.5, 1.4, 0.2],\n",
       "       [4.9, 3. , 1.4, 0.2],\n",
       "       [4.7, 3.2, 1.3, 0.2],\n",
       "       [4.6, 3.1, 1.5, 0.2],\n",
       "       [5. , 3.6, 1.4, 0.2],\n",
       "       [5.4, 3.9, 1.7, 0.4],\n",
       "       [4.6, 3.4, 1.4, 0.3],\n",
       "       [5. , 3.4, 1.5, 0.2],\n",
       "       [4.4, 2.9, 1.4, 0.2],\n",
       "       [4.9, 3.1, 1.5, 0.1],\n",
       "       [5.4, 3.7, 1.5, 0.2],\n",
       "       [4.8, 3.4, 1.6, 0.2],\n",
       "       [4.8, 3. , 1.4, 0.1],\n",
       "       [4.3, 3. , 1.1, 0.1],\n",
       "       [5.8, 4. , 1.2, 0.2],\n",
       "       [5.7, 4.4, 1.5, 0.4],\n",
       "       [5.4, 3.9, 1.3, 0.4],\n",
       "       [5.1, 3.5, 1.4, 0.3],\n",
       "       [5.7, 3.8, 1.7, 0.3],\n",
       "       [5.1, 3.8, 1.5, 0.3],\n",
       "       [5.4, 3.4, 1.7, 0.2],\n",
       "       [5.1, 3.7, 1.5, 0.4],\n",
       "       [4.6, 3.6, 1. , 0.2],\n",
       "       [5.1, 3.3, 1.7, 0.5],\n",
       "       [4.8, 3.4, 1.9, 0.2],\n",
       "       [5. , 3. , 1.6, 0.2],\n",
       "       [5. , 3.4, 1.6, 0.4],\n",
       "       [5.2, 3.5, 1.5, 0.2],\n",
       "       [5.2, 3.4, 1.4, 0.2],\n",
       "       [4.7, 3.2, 1.6, 0.2],\n",
       "       [4.8, 3.1, 1.6, 0.2],\n",
       "       [5.4, 3.4, 1.5, 0.4],\n",
       "       [5.2, 4.1, 1.5, 0.1],\n",
       "       [5.5, 4.2, 1.4, 0.2],\n",
       "       [4.9, 3.1, 1.5, 0.2],\n",
       "       [5. , 3.2, 1.2, 0.2],\n",
       "       [5.5, 3.5, 1.3, 0.2],\n",
       "       [4.9, 3.6, 1.4, 0.1],\n",
       "       [4.4, 3. , 1.3, 0.2],\n",
       "       [5.1, 3.4, 1.5, 0.2],\n",
       "       [5. , 3.5, 1.3, 0.3],\n",
       "       [4.5, 2.3, 1.3, 0.3],\n",
       "       [4.4, 3.2, 1.3, 0.2],\n",
       "       [5. , 3.5, 1.6, 0.6],\n",
       "       [5.1, 3.8, 1.9, 0.4],\n",
       "       [4.8, 3. , 1.4, 0.3],\n",
       "       [5.1, 3.8, 1.6, 0.2],\n",
       "       [4.6, 3.2, 1.4, 0.2],\n",
       "       [5.3, 3.7, 1.5, 0.2],\n",
       "       [5. , 3.3, 1.4, 0.2],\n",
       "       [7. , 3.2, 4.7, 1.4],\n",
       "       [6.4, 3.2, 4.5, 1.5],\n",
       "       [6.9, 3.1, 4.9, 1.5],\n",
       "       [5.5, 2.3, 4. , 1.3],\n",
       "       [6.5, 2.8, 4.6, 1.5],\n",
       "       [5.7, 2.8, 4.5, 1.3],\n",
       "       [6.3, 3.3, 4.7, 1.6],\n",
       "       [4.9, 2.4, 3.3, 1. ],\n",
       "       [6.6, 2.9, 4.6, 1.3],\n",
       "       [5.2, 2.7, 3.9, 1.4],\n",
       "       [5. , 2. , 3.5, 1. ],\n",
       "       [5.9, 3. , 4.2, 1.5],\n",
       "       [6. , 2.2, 4. , 1. ],\n",
       "       [6.1, 2.9, 4.7, 1.4],\n",
       "       [5.6, 2.9, 3.6, 1.3],\n",
       "       [6.7, 3.1, 4.4, 1.4],\n",
       "       [5.6, 3. , 4.5, 1.5],\n",
       "       [5.8, 2.7, 4.1, 1. ],\n",
       "       [6.2, 2.2, 4.5, 1.5],\n",
       "       [5.6, 2.5, 3.9, 1.1],\n",
       "       [5.9, 3.2, 4.8, 1.8],\n",
       "       [6.1, 2.8, 4. , 1.3],\n",
       "       [6.3, 2.5, 4.9, 1.5],\n",
       "       [6.1, 2.8, 4.7, 1.2],\n",
       "       [6.4, 2.9, 4.3, 1.3],\n",
       "       [6.6, 3. , 4.4, 1.4],\n",
       "       [6.8, 2.8, 4.8, 1.4],\n",
       "       [6.7, 3. , 5. , 1.7],\n",
       "       [6. , 2.9, 4.5, 1.5],\n",
       "       [5.7, 2.6, 3.5, 1. ],\n",
       "       [5.5, 2.4, 3.8, 1.1],\n",
       "       [5.5, 2.4, 3.7, 1. ],\n",
       "       [5.8, 2.7, 3.9, 1.2],\n",
       "       [6. , 2.7, 5.1, 1.6],\n",
       "       [5.4, 3. , 4.5, 1.5],\n",
       "       [6. , 3.4, 4.5, 1.6],\n",
       "       [6.7, 3.1, 4.7, 1.5],\n",
       "       [6.3, 2.3, 4.4, 1.3],\n",
       "       [5.6, 3. , 4.1, 1.3],\n",
       "       [5.5, 2.5, 4. , 1.3],\n",
       "       [5.5, 2.6, 4.4, 1.2],\n",
       "       [6.1, 3. , 4.6, 1.4],\n",
       "       [5.8, 2.6, 4. , 1.2],\n",
       "       [5. , 2.3, 3.3, 1. ],\n",
       "       [5.6, 2.7, 4.2, 1.3],\n",
       "       [5.7, 3. , 4.2, 1.2],\n",
       "       [5.7, 2.9, 4.2, 1.3],\n",
       "       [6.2, 2.9, 4.3, 1.3],\n",
       "       [5.1, 2.5, 3. , 1.1],\n",
       "       [5.7, 2.8, 4.1, 1.3]])"
      ]
     },
     "execution_count": 61,
     "metadata": {},
     "output_type": "execute_result"
    }
   ],
   "source": [
    "X[0:100]"
   ]
  },
  {
   "cell_type": "code",
   "execution_count": 63,
   "id": "dde22b73-d10d-4cfe-b84a-c33c70b3a5b3",
   "metadata": {},
   "outputs": [
    {
     "data": {
      "text/plain": [
       "array([0, 0, 0, 0, 0, 0, 0, 0, 0, 0, 0, 0, 0, 0, 0, 0, 0, 0, 0, 0, 0, 0,\n",
       "       0, 0, 0, 0, 0, 0, 0, 0, 0, 0, 0, 0, 0, 0, 0, 0, 0, 0, 0, 0, 0, 0,\n",
       "       0, 0, 0, 0, 0, 0, 1, 1, 1, 1, 1, 1, 1, 1, 1, 1, 1, 1, 1, 1, 1, 1,\n",
       "       1, 1, 1, 1, 1, 1, 1, 1, 1, 1, 1, 1, 1, 1, 1, 1, 1, 1, 1, 1, 1, 1,\n",
       "       1, 1, 1, 1, 1, 1, 1, 1, 1, 1, 1, 1])"
      ]
     },
     "execution_count": 63,
     "metadata": {},
     "output_type": "execute_result"
    }
   ],
   "source": [
    "y[0:100]"
   ]
  },
  {
   "cell_type": "code",
   "execution_count": 57,
   "id": "9037a307-43e0-4b1b-9a38-5a3844767836",
   "metadata": {},
   "outputs": [
    {
     "data": {
      "text/plain": [
       "0.9733333333333334"
      ]
     },
     "execution_count": 57,
     "metadata": {},
     "output_type": "execute_result"
    }
   ],
   "source": [
    "clf.score(X, y)"
   ]
  },
  {
   "cell_type": "markdown",
   "id": "f4982f87-d202-451d-b406-85c5735e7d45",
   "metadata": {},
   "source": [
    "# 2. Transformers and pre-processors\n",
    "\n",
    "They follow the same API model as the estimator objects\n",
    "\n",
    "The **transform** method puts out a newly transformed matrix X.\n",
    "\n",
    "Scaling is like converting measurements to the same units.\n",
    "When we scale data using methods like **.StandardScaler**, we're often transforming the numbers to fit a **normal distribution**.\n",
    "\n",
    "Many machine learning algorithms work better when the data is normally distributed. It helps the algorithms learn patterns more effectively, leading to better predictions.\n",
    "\n",
    "## A) Transforming\n",
    "- Using **.transform()**"
   ]
  },
  {
   "cell_type": "code",
   "execution_count": 83,
   "id": "e27effd1-42c3-40fc-9ff9-2cfb360271a9",
   "metadata": {},
   "outputs": [
    {
     "data": {
      "text/plain": [
       "array([[-1.46385011],\n",
       "       [-0.87831007],\n",
       "       [-0.29277002],\n",
       "       [ 0.29277002],\n",
       "       [ 0.87831007],\n",
       "       [ 1.46385011]])"
      ]
     },
     "execution_count": 83,
     "metadata": {},
     "output_type": "execute_result"
    }
   ],
   "source": [
    "from sklearn.preprocessing import StandardScaler\n",
    "import numpy as np\n",
    "\n",
    "X = np.array([1,2,3,4,5,6]).reshape(-1, 1)\n",
    "\n",
    "#Scale the data according to computed scaling values\n",
    "Fx = StandardScaler().fit(X)\n",
    "Fx.transform(X)"
   ]
  },
  {
   "cell_type": "markdown",
   "id": "5afb9020-8794-45ea-92a9-830982b794b7",
   "metadata": {},
   "source": [
    "### i) Using the \"ColumnTransfomer\" designed for when yo are workign with dataframes"
   ]
  },
  {
   "cell_type": "code",
   "execution_count": 128,
   "id": "da092c20-8b09-40c1-b3a3-f8b186a06e7a",
   "metadata": {},
   "outputs": [
    {
     "data": {
      "text/html": [
       "<div>\n",
       "<style scoped>\n",
       "    .dataframe tbody tr th:only-of-type {\n",
       "        vertical-align: middle;\n",
       "    }\n",
       "\n",
       "    .dataframe tbody tr th {\n",
       "        vertical-align: top;\n",
       "    }\n",
       "\n",
       "    .dataframe thead th {\n",
       "        text-align: right;\n",
       "    }\n",
       "</style>\n",
       "<table border=\"1\" class=\"dataframe\">\n",
       "  <thead>\n",
       "    <tr style=\"text-align: right;\">\n",
       "      <th></th>\n",
       "      <th>city</th>\n",
       "      <th>title</th>\n",
       "      <th>expert_rating</th>\n",
       "      <th>user_rating</th>\n",
       "    </tr>\n",
       "  </thead>\n",
       "  <tbody>\n",
       "    <tr>\n",
       "      <th>0</th>\n",
       "      <td>New York</td>\n",
       "      <td>The Great Escape</td>\n",
       "      <td>8.5</td>\n",
       "      <td>8.8</td>\n",
       "    </tr>\n",
       "    <tr>\n",
       "      <th>1</th>\n",
       "      <td>Los Angeles</td>\n",
       "      <td>City of Stars</td>\n",
       "      <td>7.8</td>\n",
       "      <td>7.6</td>\n",
       "    </tr>\n",
       "    <tr>\n",
       "      <th>2</th>\n",
       "      <td>Chicago</td>\n",
       "      <td>Windy Days</td>\n",
       "      <td>8.0</td>\n",
       "      <td>7.9</td>\n",
       "    </tr>\n",
       "    <tr>\n",
       "      <th>3</th>\n",
       "      <td>Houston</td>\n",
       "      <td>Lone Ranger</td>\n",
       "      <td>7.2</td>\n",
       "      <td>7.4</td>\n",
       "    </tr>\n",
       "  </tbody>\n",
       "</table>\n",
       "</div>"
      ],
      "text/plain": [
       "          city             title  expert_rating  user_rating\n",
       "0     New York  The Great Escape            8.5          8.8\n",
       "1  Los Angeles     City of Stars            7.8          7.6\n",
       "2      Chicago        Windy Days            8.0          7.9\n",
       "3      Houston       Lone Ranger            7.2          7.4"
      ]
     },
     "execution_count": 128,
     "metadata": {},
     "output_type": "execute_result"
    }
   ],
